曹武	1998	09	02	13807144598
刘巧乔	1998	03	18	15926421812
吴玉佳	1997	11	23	13975882047
金萍	1998	01	01	13684293752
王洁	1998	05	06	15982738277
	
傅灰	1999	10	23	18294930552
胡金水	1998	07	05	18058439687
张玉雪	1999	08	18	18043992352
陈芳	1998	11	15	17423924839
胡敏	1998	11	05	14539248832

程丹	1998	02	18	13834003235
李林	1998	10	24	13584997293
吴曼	1998	03	28	18637938476
敖勤林	1999	05	16	18637910609
叶翠	1998	02	17	15838812845

李娜武	1997	08	31	18947363827
吴孔平	1998	12	15	13485738434
范涛	1998	05	19	13788374723
季风华	1998	04	25	13523747394
王晓峰	1998	06	04	16728347284

朱鹏飞	1998	09	25	18628484727
陈曦	1998	11	10	14582847324
周正江	1998	04	01	18928747284
吕振	1998	07	16	15635053843
陈曲	1998	04	21	16724384724

张波	1998	08	19	16528472745
蔡淑琴	1998	03	27	15723847583
谭鑫	1998	02	18	18959284475
张燕	1980	01	02	13212345601
陈波 	1980 	02	03	13212345602

蔡琳	1981	03 	04 	13212345603
吕一	1982	04 	05    	13212345604
陆毅	1982	05 	06    	13212345605
刘永生  1983 	06 	07   	13212345606
王宽则  1983 	07 	16    	13212345607

黄梅	1984 	08 	09    	13212345608
林海	1985	12 	03   	13212345609      
陈忠	1985	11 	04    	13212345610             
王再宇	1986	01 	05    	13212345611       
吴媛	1986	01 	06    	13212345612        

魏文慧	1987	01	07    	18914344313              
王伟 	1987	09 	08    	18742345614       
冯二全	1988	01	09    	13928345615       
周山	1988	01 	11    	13212353843       
冯曼华	1989	06 	12    	13212345617       

钟彩莲 	1970	04 	13    	13212345618       
陈妍 	1971	01 	24    	13212345619       
邓紫 	1974	01 	15    	13212345620       
吴梅 	1978	01 	19    	13212345621      
钟龙宝	1983	01 	17    	13212345622      
